	POS	REF	ALT	annotation	gene	nt_change	aa_change	read_depth	FREQ	gene_POS	SNP
1	8782	C	T	synonymous	orf1ab	8517C>T	Ser2839Ser	4848	0.9909	8517	orf1ab_8517C>T_Ser2839Ser_synonymous
9	15150	G	T	missense	orf1ab	14886G>T	Gln4962His	5232	0.0333	14886	orf1ab_14886G>T_Gln4962His_missense
12	16381	G	A	missense	orf1ab	16117G>A	Val5373Ile	4658	0.9925	16117	orf1ab_16117G>A_Val5373Ile_missense
14	17877	T	C	synonymous	orf1ab	17613T>C	Thr5871Thr	3161	0.9889	17613	orf1ab_17613T>C_Thr5871Thr_synonymous
17	20316	C	T	synonymous	orf1ab	20052C>T	Phe6684Phe	2275	0.9802	20052	orf1ab_20052C>T_Phe6684Phe_synonymous
20	25500	G	T	synonymous	ORF3a	108G>T	Pro36Pro	7033	0.9916	108	ORF3a_108G>T_Pro36Pro_synonymous
21	26124	C	T	synonymous	ORF3a	732C>T	Val244Val	6374	0.9931	732	ORF3a_732C>T_Val244Val_synonymous
22	28144	T	C	missense	ORF8	251T>C	Leu84Ser	13287	0.9986	251	ORF8_251T>C_Leu84Ser_missense
24	28878	G	A	missense	N	605G>A	Ser202Asn	1754	0.9971	605	N_605G>A_Ser202Asn_missense
25	29742	G	A	intergenic	ORF10-CHR_END	29742G>A		1049	0.9943	29742	ORF10-CHR_END_29742G>A__intergenic
